1 1 1 0 
1 1 2 0 38 59 
1 1 3 0 
2 1 1 0 10 
2 1 2 0 
2 1 3 0 
3 1 1 0 
3 1 2 0 
3 1 0 1 
3 1 3 0 
3 1 0 1 
4 1 1 0 10 13 
4 1 2 0 10 13 
4 1 3 0 
5 1 1 0 10 13 
5 1 2 0 10 13 
5 1 3 0 
6 1 1 0 10 
6 1 2 0 59 
6 1 3 0 
7 1 1 0 10 13 
7 1 2 0 10 13 
7 1 3 0 
9 1 1 0 10 13 
9 1 2 0 
9 1 3 0 10 13 
9 1 4 0 
12 1 1 0 
12 1 2 0 10 13 38 
12 1 3 0 
14 1 1 0 10 
14 1 2 0 10 
14 1 3 0 
15 1 1 0 10 13 
15 1 2 0 10 13 
15 1 3 0 
16 1 1 0 10 13 
16 1 2 0 10 13 
16 1 3 0 
17 1 1 0 10 13 
17 1 2 0 10 13 
17 1 3 0 10 13 
17 1 4 0 
18 1 1 0 10 13 
18 1 2 0 
18 1 3 0 10 13 
18 1 4 0 
19 1 1 0 10 
19 1 2 0 10 
19 1 3 0 
20 1 1 0 10 
20 1 2 0 10 
20 1 3 0 
21 1 1 0 
21 1 2 0 10 13 
21 1 3 0 
23 1 1 0 62 
23 1 2 0 62 
23 1 3 0 
