#NFA dump 
2051 : { ( 0( 2051  2055  ) 1( 2051  2055  ) 2( 2051  2055  ) 3( 2051  2055  ) 4( 2051  2055  ) 5( 2051  2055  ) 6( 2051  2055  ) 7( 2051  2055  ) 8( 2051  2055  ) 9( 2051  2055  ) 10( 2051  2055  ) 11( 2051  2055  ) 12( 2051  2055  ) 13( 2051  2055  ) 14( 2051  2055  ) 15( 2051  2055  ) 16( 2051  2055  ) 17( 2051  2055  ) 18( 2051  2055  ) 19( 2051  2055  ) 20( 2051  2055  ) 21( 2051  2055  ) 22( 2051  2055  ) 23( 2051  2055  ) 24( 2051  2055  ) 25( 2051  2055  ) 26( 2051  2055  ) 27( 2051  2055  ) 28( 2051  2055  ) 29( 2051  2055  ) 30( 2051  2055  ) 31( 2051  2055  ) 32( 2051  2055  ) 33( 2051  2055  ) 34( 2051  2055  ) 35( 2051  2055  ) 36( 2051  2055  ) 37( 2051  2055  ) 38( 2051  2055  ) 39( 2051  2055  ) 40( 2051  2055  ) 41( 2051  2055  ) 42( 2051  2055  ) 43( 2051  2055  ) 44( 2051  2055  ) 45( 2051  2055  ) 46( 2051  2055  ) 47( 2051  2055  ) 48( 2051  2055  ) 49( 2051  2055  ) 50( 2051  2055  ) 51( 2051  2055  ) 52( 2051  2055  ) 53( 2051  2055  ) 54( 2051  2055  ) 55( 2051  2055  ) 56( 2051  2055  ) 57( 2051  2055  ) 58( 2051  2055  ) 59( 2051  2055  ) 60( 2051  2055  ) 61( 2051  2055  ) 62( 2051  2055  ) 63( 2051  2055  ) 64( 2051  2055  ) 65( 2051  2055  ) 66( 2051  2055  ) 67( 2051  2055  ) 68( 2051  2055  ) 69( 2051  2055  ) 70( 2051  2055  ) 71( 2051  2055  ) 72( 2051  2055  ) 73( 2051  2055  ) 74( 2051  2055  ) 75( 2051  2055  ) 76( 2051  2055  ) 77( 2051  2055  ) 78( 2051  2055  ) 79( 2051  2055  ) 80( 2051  2055  ) 81( 2051  2055  ) 82( 2051  2055  ) 83( 2051  2055  ) 84( 2051  2055  ) 85( 2051  2055  ) 86( 2051  2055  ) 87( 2051  2055  ) 88( 2051  2055  ) 89( 2051  2055  ) 90( 2051  2055  ) 91( 2051  2055  ) 92( 2051  2055  ) 93( 2051  2055  ) 94( 2051  2055  ) 95( 2051  2055  ) 96( 2051  2055  ) 97( 2051  2055  ) 98( 2051  2055  ) 99( 2051  2055  ) 100( 2051  2055  ) 101( 2051  2055  ) 102( 2051  2055  ) 103( 2051  2055  ) 104( 2051  2055  ) 105( 2051  2055  ) 106( 2051  2055  ) 107( 2051  2055  ) 108( 2051  2055  ) 109( 2051  2055  ) 110( 2051  2055  ) 111( 2051  2055  ) 112( 2051  2055  ) 113( 2051  2055  ) 114( 2051  2055  ) 115( 2051  2055  ) 116( 2051  2055  ) 117( 2051  2055  ) 118( 2051  2055  ) 119( 2051  2055  ) 120( 2051  2055  ) 121( 2051  2055  ) 122( 2051  2055  ) 123( 2051  2055  ) 124( 2051  2055  ) 125( 2051  2055  ) 126( 2051  2055  ) 127( 2051  2055  ) 128( 2051  2055  ) 129( 2051  2055  ) 130( 2051  2055  ) 131( 2051  2055  ) 132( 2051  2055  ) 133( 2051  2055  ) 134( 2051  2055  ) 135( 2051  2055  ) 136( 2051  2055  ) 137( 2051  2055  ) 138( 2051  2055  ) 139( 2051  2055  ) 140( 2051  2055  ) 141( 2051  2055  ) 142( 2051  2055  ) 143( 2051  2055  ) 144( 2051  2055  ) 145( 2051  2055  ) 146( 2051  2055  ) 147( 2051  2055  ) 148( 2051  2055  ) 149( 2051  2055  ) 150( 2051  2055  ) 151( 2051  2055  ) 152( 2051  2055  ) 153( 2051  2055  ) 154( 2051  2055  ) 155( 2051  2055  ) 156( 2051  2055  ) 157( 2051  2055  ) 158( 2051  2055  ) 159( 2051  2055  ) 160( 2051  2055  ) 161( 2051  2055  ) 162( 2051  2055  ) 163( 2051  2055  ) 164( 2051  2055  ) 165( 2051  2055  ) 166( 2051  2055  ) 167( 2051  2055  ) 168( 2051  2055  ) 169( 2051  2055  ) 170( 2051  2055  ) 171( 2051  2055  ) 172( 2051  2055  ) 173( 2051  2055  ) 174( 2051  2055  ) 175( 2051  2055  ) 176( 2051  2055  ) 177( 2051  2055  ) 178( 2051  2055  ) 179( 2051  2055  ) 180( 2051  2055  ) 181( 2051  2055  ) 182( 2051  2055  ) 183( 2051  2055  ) 184( 2051  2055  ) 185( 2051  2055  ) 186( 2051  2055  ) 187( 2051  2055  ) 188( 2051  2055  ) 189( 2051  2055  ) 190( 2051  2055  ) 191( 2051  2055  ) 192( 2051  2055  ) 193( 2051  2055  ) 194( 2051  2055  ) 195( 2051  2055  ) 196( 2051  2055  ) 197( 2051  2055  ) 198( 2051  2055  ) 199( 2051  2055  ) 200( 2051  2055  ) 201( 2051  2055  ) 202( 2051  2055  ) 203( 2051  2055  ) 204( 2051  2055  ) 205( 2051  2055  ) 206( 2051  2055  ) 207( 2051  2055  ) 208( 2051  2055  ) 209( 2051  2055  ) 210( 2051  2055  ) 211( 2051  2055  ) 212( 2051  2055  ) 213( 2051  2055  ) 214( 2051  2055  ) 215( 2051  2055  ) 216( 2051  2055  ) 217( 2051  2055  ) 218( 2051  2055  ) 219( 2051  2055  ) 220( 2051  2055  ) 221( 2051  2055  ) 222( 2051  2055  ) 223( 2051  2055  ) 224( 2051  2055  ) 225( 2051  2055  ) 226( 2051  2055  ) 227( 2051  2055  ) 228( 2051  2055  ) 229( 2051  2055  ) 230( 2051  2055  ) 231( 2051  2055  ) 232( 2051  2055  ) 233( 2051  2055  ) 234( 2051  2055  ) 235( 2051  2055  ) 236( 2051  2055  ) 237( 2051  2055  ) 238( 2051  2055  ) 239( 2051  2055  ) 240( 2051  2055  ) 241( 2051  2055  ) 242( 2051  2055  ) 243( 2051  2055  ) 244( 2051  2055  ) 245( 2051  2055  ) 246( 2051  2055  ) 247( 2051  2055  ) 248( 2051  2055  ) 249( 2051  2055  ) 250( 2051  2055  ) 251( 2051  2055  ) 252( 2051  2055  ) 253( 2051  2055  ) 254( 2051  2055  ) ) }
2055 : { ( 65( 2059  ) ) }
2059 : { ( 99( 2063  ) ) }
2063 : { ( 99( 2066  ) ) }
2066 : { ( 101( 2069  ) ) }
2069 : { ( 112( 2071  ) ) }
2071 : { ( 116( 2073  ) ) }
2073 : { ( 58( 2075  ) ) }
2075 : { ( 32( 2077  ) ) }
2077 : { ( 42( 2079  ) ) }
2079 : { ( 47( 2081  ) ) }
2081 : { ( 42( 2083  ) ) }
2083 : { ( 10( 2085  ) ) }
2085 : { ( 84( 2087  ) ) }
2087 : { ( 114( 2089  ) ) }
2089 : { ( 97( 2091  ) ) }
2091 : { ( 110( 2093  ) ) }
2093 : { ( 115( 2095  ) ) }
2095 : { ( 108( 2097  ) ) }
2097 : { ( 97( 2099  ) ) }
2099 : { ( 116( 2101  ) ) }
2101 : { ( 101( 2103  ) ) }
2103 : { ( 58( 2105  ) ) }
2105 : { ( 32( 2107  ) ) }
2107 : { ( 102( 2108  ) ) }
2108 : { ( 10( 2109  ) ) }
2109 : { ( 67( 2110  ) ) }
2110 : { ( 111( 2111  ) ) }
2111 : { ( 110( 2112  ) ) }
2112 : { ( 116( 2113  ) ) }
2113 : { ( 101( 2114  ) ) }
2114 : { ( 110( 2115  ) ) }
2115 : { ( 116( 2116  ) ) }
2116 : { ( 45( 2117  ) ) }
2117 : { ( 108( 2118  ) ) }
2118 : { ( 101( 2119  ) ) }
2119 : { ( 110( 2120  ) ) }
2120 : { ( 103( 2121  ) ) }
2121 : { ( 116( 2122  ) ) }
2122 : { ( 104( 2123  ) ) }
2123 : { ( 58( 2124  ) ) }
2124 : { ( 53( 2125  ) ) }
2125 : { ( 50( 2126  ) ) }
2126 : { ( 55( 2127  ) ) }
2127 : { ( 54( 2128  ) ) }
2128 : { ( 10( 2129  ) ) }
2129 : { ( 10( 2130  ) ) }
2130 : { ( ) 104 }
