1 1 1 0 10 13 
1 1 2 0 
1 1 0 1 
2 1 1 0 10 13 
2 1 2 0 
2 1 0 1 
3 1 1 0 10 13 
3 1 2 0 
3 1 0 1 
4 1 1 0 10 13 
4 1 2 0 
4 1 0 1 
5 1 1 0 10 13 
5 1 2 0 
5 1 0 1 
6 1 1 0 10 13 
6 1 2 0 
6 1 0 1 
7 1 1 0 10 13 
7 1 2 0 
7 1 0 1 
8 1 1 0 10 13 
8 1 2 0 
8 1 0 1 
9 1 1 0 10 13 
9 1 2 0 
9 1 0 1 
10 1 1 0 10 13 
10 1 2 0 
10 1 0 1 
11 1 1 0 10 13 
11 1 2 0 
13 1 1 0 10 13 
13 1 2 0 
14 1 1 0 10 13 
14 1 2 0 
18 1 1 0 
18 2 1 0 
18 3 1 0 
18 3 2 0 
18 4 1 0 
21 1 1 0 
21 1 2 0 
23 1 1 0 
23 1 2 0 
24 1 1 0 10 13 
24 1 2 0 
25 1 1 0 10 13 
25 1 2 0 
26 1 1 0 
26 1 2 0 
27 1 1 0 
27 1 2 0 
29 1 1 0 10 13 
29 1 2 0 
30 1 1 0 10 13 
30 1 2 0 
31 1 1 0 10 
31 1 2 0 
33 1 1 0 10 13 
33 1 2 0 
34 1 1 0 10 13 
34 1 2 0 
35 1 1 0 
35 2 1 0 
35 3 1 0 
35 3 2 0 
35 4 1 0 
37 1 1 0 10 13 
37 1 2 0 
38 1 1 0 10 13 
38 1 2 0 
39 1 1 0 10 13 
39 1 2 0 
40 1 1 0 10 13 
40 1 2 0 
41 1 1 0 10 13 
41 1 2 0 
43 1 1 0 10 13 
43 1 2 0 
44 1 1 0 10 13 
44 1 2 0 
46 1 1 0 
47 1 1 0 10 13 
47 1 2 0 
48 1 1 0 10 13 
48 1 2 0 
49 1 1 0 10 
49 1 2 0 
51 1 1 0 10 13 
51 1 2 0 
52 1 1 0 10 13 
52 1 2 0 
53 1 1 0 10 13 
53 1 2 0 
54 1 1 0 
54 1 2 0 
55 1 1 0 
55 1 2 0 
56 1 1 0 
56 1 2 0 
57 1 1 0 41 44 
57 1 2 0 
58 1 1 0 10 13 
58 1 2 0 
59 1 1 0 10 13 
59 1 2 0 
60 1 1 0 10 13 
60 1 2 0 
61 1 1 0 10 13 
61 1 2 0 
62 1 1 0 10 13 
62 1 2 0 
63 1 1 0 
65 1 1 0 10 13 
65 1 2 0 
66 1 1 0 10 13 38 
66 1 2 0 
67 1 1 0
