1 1 1 0 
1 1 2 0 
1 1 3 0 
1 1 4 0 
2 1 1 0 10 13 
2 1 2 0 
2 1 3 0 10 13 
2 1 4 0 
3 1 1 0 10 13 
3 1 2 0 
3 1 3 0 10 13 
3 1 4 0 
4 1 1 0 10 
4 1 2 0 10 
4 1 3 0 10 
4 1 4 0 10 
4 1 5 0 
5 1 1 0 
5 1 2 0 
5 1 3 0 
6 1 1 0 10 13 
6 1 2 0 10 13 
6 1 3 0 
9 1 1 0 10 13 
9 1 2 0 10 13 
9 1 3 0 10 13 
9 1 4 0 
10 1 1 0 10 13 
10 1 2 0 10 13 
10 1 3 0 10 13 
10 1 4 0 
11 1 1 0 10 13 
11 1 2 0 10 13 
11 1 3 0 10 13 
11 1 4 0 
13 1 1 0 10 13 
13 1 2 0 
13 1 3 0 10 13 
13 1 4 0 
14 1 1 0 10 13 
14 1 2 0 
14 1 3 0 10 13 
14 1 4 0 
14 1 5 0 10 13 
14 1 6 0 
16 1 1 0 10 13 
16 1 2 0 10 13 
16 1 3 0 10 13 
16 1 4 0 
17 1 1 0 10 13 
17 1 2 0 
17 1 3 0 10 13 
17 1 4 0 
18 1 1 0 10 13 
18 1 2 0 
18 1 3 0 10 13 
18 1 4 0 
19 1 1 0 10 13 
19 1 2 0 10 13 
19 1 3 0 10 13 
19 1 4 0 
20 1 1 0 10 13 
20 1 2 0 10 13 
20 1 3 0 10 13 
20 1 4 0 
23 1 1 0 62 
23 1 2 0 
23 1 3 0 
23 1 4 0 
24 1 1 0 62 
24 1 2 0 62 
24 1 3 0 
27 1 1 0 10 13 
27 1 2 0 10 13 38 
27 1 3 0 10 13 38 
27 1 4 0 
28 1 1 0 10 13 
28 1 2 0 10 13 38 
28 1 3 0 10 13 38 
28 1 4 0 
31 1 1 0 10 13 
31 1 2 0 10 13 38 
31 1 3 0 10 13 38 
31 1 4 0 
32 1 1 0 10 13 
32 1 2 0 10 13 38 
32 1 3 0 10 13 38 
32 1 4 0
