1 1 1 0 
1 1 2 0 
1 1 3 0 
1 1 4 0 
2 1 1 0 
2 1 2 0 
2 1 3 0 
2 1 4 0 
3 1 1 0 
3 1 2 0 
3 1 3 0 
3 1 4 0 
4 1 1 0 
4 1 2 0 
4 1 3 0 
4 1 4 0 
5 1 1 0 
5 1 2 0 
5 1 3 0 
5 1 4 0 
6 1 1 0 
6 1 2 0 
6 1 3 0 
6 1 4 0 
7 1 1 0 
7 1 2 0 
7 1 3 0 
7 1 4 0 
8 1 1 0 
8 1 2 0 
8 1 3 0 
8 1 4 0 
10 1 1 0 
10 1 2 0 
10 1 3 0 
10 1 4 0 
11 1 1 0 
11 1 2 0 
11 1 3 0 
11 1 4 0 
13 1 1 0 
13 1 2 0 
13 1 3 0 
13 1 4 0 
14 1 1 0 
14 1 2 0 
14 1 3 0 
14 1 4 0 
16 1 1 0 
16 1 2 0 
16 1 3 0 
16 1 4 0 
17 1 1 0 
17 1 2 0 
17 1 3 0 
17 1 4 0 
20 1 1 0 
20 1 2 0 
20 1 3 0 
20 1 4 0 
21 1 1 0 
21 1 2 0 
21 1 3 0 
21 1 4 0 
22 1 1 0 
22 1 2 0 
22 1 3 0 
22 1 4 0 
23 1 1 0 
23 1 2 0 
23 1 3 0 
23 1 4 0 
25 1 1 0 
25 1 2 0 
25 1 3 0 
25 1 4 0 
