1 1 1 0 
1 1 2 0 
1 1 3 0 
1 1 4 0 
1 1 5 0 
2 1 1 0 
2 1 2 0 
2 1 3 0 
2 1 4 0 
2 1 5 0 
3 1 1 0 
3 1 2 0 
3 1 3 0 
3 1 4 0 
3 1 5 0 
4 1 1 0 
4 1 2 0 
4 1 3 0 
4 1 4 0 
4 1 5 0 
5 1 1 0 
5 1 2 0 
5 1 3 0 
5 1 4 0 
5 1 5 0 
6 1 1 0 
6 1 2 0 
6 1 3 0 
6 1 4 0 
6 1 5 0 
7 1 1 0 
7 1 2 0 
7 1 3 0 
7 1 4 0 
7 1 5 0 
8 1 1 0 
8 1 2 0 
8 1 3 0 
8 1 4 0 
8 1 5 0 
9 1 1 0 
9 1 2 0 
9 1 3 0 
9 1 4 0 
9 1 5 0 
12 1 1 0 
12 1 2 0 
12 1 3 0 
12 1 4 0 
12 1 5 0 
13 1 1 0 
13 1 2 0 
13 1 3 0 
13 1 4 0 
13 1 5 0 
14 1 1 0 
14 1 2 0 
14 1 3 0 
14 1 4 0 
14 1 5 0 
16 1 1 0 
16 1 2 0 
16 1 3 0 
16 1 4 0 
16 1 5 0 
17 1 1 0 
17 1 2 0 
17 1 3 0 
17 1 4 0 
17 1 5 0 
18 1 1 0 
18 1 2 0 
18 1 3 0 
18 1 4 0 
18 1 5 0 
19 1 1 0 
19 1 2 0 
19 1 3 0 
19 1 4 0 
19 1 5 0 
21 1 1 0 
21 1 2 0 
21 1 3 0 
21 1 4 0 
21 1 5 0 
23 1 1 0 
23 1 2 0 
23 1 3 0 
23 1 4 0 
23 1 5 0 
24 1 1 0 
24 1 2 0 
24 1 3 0 
24 1 4 0 
24 1 5 0 
25 1 1 0 
25 1 2 0 
25 1 3 0 
25 1 4 0 
25 1 5 0 
